[[15, 20, 27, 29], [15, 18, 27, 29], [15, 18, 20, 29], [15, 18, 20, 27], [9, 20, 27, 29], [9, 18, 27, 29], [9, 18, 20, 29], [9, 18, 20, 27], [9, 15, 20, 29], [9, 15, 20, 27], [9, 15, 18, 29], [9, 15, 18, 27], [6, 20, 27, 29], [6, 18, 27, 29], [6, 18, 20, 29], [6, 18, 20, 27], [6, 15, 27, 29], [6, 15, 20, 27], [6, 15, 18, 29], [6, 15, 18, 20], [6, 9, 27, 29], [6, 9, 20, 29], [6, 9, 18, 27], [6, 9, 18, 20], [6, 9, 15, 29], [6, 9, 15, 27], [6, 9, 15, 20], [6, 9, 15, 18]]
[[26, 28, 29, 31], [24, 26, 29, 31], [24, 26, 28, 29], [21, 28, 29, 31], [21, 26, 29, 31], [21, 26, 28, 29], [21, 24, 29, 31], [21, 24, 28, 29], [18, 26, 29, 31], [18, 26, 28, 31], [18, 26, 28, 29], [18, 24, 26, 31], [18, 24, 26, 28], [18, 21, 29, 31], [18, 21, 28, 31], [18, 21, 28, 29], [18, 21, 26, 31], [18, 21, 26, 28], [18, 21, 24, 31], [18, 21, 24, 28], [15, 28, 29, 31], [15, 26, 29, 31], [15, 26, 28, 31], [15, 24, 29, 31], [15, 24, 28, 29], [15, 24, 26, 31], [15, 24, 26, 29], [15, 24, 26, 28], [15, 21, 28, 31], [15, 21, 28, 29], [15, 21, 26, 31], [15, 21, 26, 29], [15, 21, 26, 28], [15, 21, 24, 31], [15, 21, 24, 29], [15, 21, 24, 28], [15, 18, 29, 31], [15, 18, 28, 31], [15, 18, 28, 29], [15, 18, 26, 29], [15, 18, 26, 28], [15, 18, 24, 31], [15, 18, 24, 28], [15, 18, 24, 26], [15, 18, 21, 31], [15, 18, 21, 29], [15, 18, 21, 26], [15, 18, 21, 24], [12, 26, 29, 31], [12, 24, 26, 29], [12, 21, 29, 31], [12, 21, 26, 29], [12, 21, 24, 29], [12, 18, 26, 31], [12, 18, 26, 29], [12, 18, 24, 26], [12, 18, 21, 31], [12, 18, 21, 29], [12, 18, 21, 26], [12, 18, 21, 24], [12, 15, 29, 31], [12, 15, 26, 31], [12, 15, 24, 29], [12, 15, 24, 26], [12, 15, 21, 31], [12, 15, 21, 29], [12, 15, 21, 26], [12, 15, 21, 24], [12, 15, 18, 31], [12, 15, 18, 29], [12, 15, 18, 26], [12, 15, 18, 24]]
[[25, 26, 28, 29], [24, 26, 28, 29], [24, 25, 28, 29], [24, 25, 26, 29], [24, 25, 26, 28], [22, 25, 28, 29], [22, 25, 26, 29], [22, 25, 26, 28], [22, 24, 28, 29], [22, 24, 26, 29], [22, 24, 26, 28], [21, 25, 28, 29], [21, 24, 28, 29], [21, 24, 25, 29], [21, 24, 25, 28], [21, 22, 25, 29], [21, 22, 25, 28], [21, 22, 24, 29], [21, 22, 24, 28], [19, 26, 28, 29], [19, 25, 28, 29], [19, 25, 26, 28], [19, 24, 26, 29], [19, 24, 25, 29], [19, 24, 25, 26], [19, 22, 28, 29], [19, 22, 26, 29], [19, 22, 26, 28], [19, 22, 25, 29], [19, 22, 25, 26], [19, 22, 24, 29], [19, 22, 24, 26], [19, 21, 28, 29], [19, 21, 25, 28], [19, 21, 24, 29], [19, 21, 24, 25], [19, 21, 22, 29], [19, 21, 22, 28], [19, 21, 22, 25], [19, 21, 22, 24], [18, 26, 28, 29], [18, 25, 28, 29], [18, 25, 26, 29], [18, 24, 26, 28], [18, 24, 25, 28], [18, 24, 25, 26], [18, 22, 28, 29], [18, 22, 26, 29], [18, 22, 26, 28], [18, 22, 25, 28], [18, 22, 25, 26], [18, 22, 24, 28], [18, 22, 24, 26], [18, 21, 28, 29], [18, 21, 25, 29], [18, 21, 24, 28], [18, 21, 24, 25], [18, 21, 22, 29], [18, 21, 22, 28], [18, 21, 22, 25], [18, 21, 22, 24], [18, 19, 26, 29], [18, 19, 26, 28], [18, 19, 25, 29], [18, 19, 25, 28], [18, 19, 25, 26], [18, 19, 24, 26], [18, 19, 24, 25], [18, 19, 22, 29], [18, 19, 22, 28], [18, 19, 22, 25], [18, 19, 22, 24], [18, 19, 21, 29], [18, 19, 21, 28], [18, 19, 21, 25], [18, 19, 21, 24]]
[[24, 25, 28, 29], [23, 25, 28, 29], [23, 24, 25, 28], [22, 24, 28, 29], [22, 24, 25, 28], [22, 23, 28, 29], [22, 23, 25, 28], [22, 23, 24, 28], [19, 24, 25, 29], [19, 24, 25, 28], [19, 23, 25, 29], [19, 23, 25, 28], [19, 23, 24, 25], [19, 22, 24, 29], [19, 22, 24, 28], [19, 22, 24, 25], [19, 22, 23, 29], [19, 22, 23, 28], [19, 22, 23, 25], [19, 22, 23, 24], [15, 25, 28, 29], [15, 24, 28, 29], [15, 24, 25, 29], [15, 24, 25, 28], [15, 23, 28, 29], [15, 23, 25, 29], [15, 23, 24, 28], [15, 23, 24, 25], [15, 22, 28, 29], [15, 22, 25, 28], [15, 22, 24, 29], [15, 22, 24, 25], [15, 22, 23, 29], [15, 22, 23, 28], [15, 22, 23, 25], [15, 22, 23, 24], [15, 19, 25, 29], [15, 19, 25, 28], [15, 19, 24, 29], [15, 19, 24, 28], [15, 19, 23, 29], [15, 19, 23, 28], [15, 19, 23, 25], [15, 19, 23, 24], [15, 19, 22, 29], [15, 19, 22, 28], [15, 19, 22, 25], [15, 19, 22, 24]]
[[24, 25, 26, 29], [24, 25, 26, 28], [23, 25, 26, 29], [23, 25, 26, 28], [23, 24, 25, 26], [22, 24, 26, 29], [22, 24, 26, 28], [22, 24, 25, 29], [22, 24, 25, 28], [22, 24, 25, 26], [22, 23, 26, 29], [22, 23, 26, 28], [22, 23, 25, 29], [22, 23, 25, 28], [22, 23, 25, 26], [22, 23, 24, 26], [22, 23, 24, 25], [15, 25, 26, 29], [15, 25, 26, 28], [15, 24, 26, 29], [15, 24, 26, 28], [15, 23, 26, 29], [15, 23, 26, 28], [15, 23, 25, 26], [15, 23, 24, 26], [15, 22, 26, 29], [15, 22, 26, 28], [15, 22, 25, 29], [15, 22, 25, 28], [15, 22, 25, 26], [15, 22, 24, 29], [15, 22, 24, 28], [15, 22, 24, 26], [15, 22, 23, 29], [15, 22, 23, 28], [15, 22, 23, 25], [15, 22, 23, 24], [12, 24, 25, 29], [12, 24, 25, 28], [12, 23, 25, 29], [12, 23, 25, 28], [12, 23, 24, 25], [12, 22, 24, 29], [12, 22, 24, 28], [12, 22, 24, 25], [12, 22, 23, 29], [12, 22, 23, 28], [12, 22, 23, 25], [12, 22, 23, 24], [12, 15, 25, 29], [12, 15, 25, 28], [12, 15, 24, 29], [12, 15, 24, 28], [12, 15, 23, 29], [12, 15, 23, 28], [12, 15, 23, 25], [12, 15, 23, 24], [12, 15, 22, 29], [12, 15, 22, 28], [12, 15, 22, 25], [12, 15, 22, 24]]
[[21, 23, 24, 25], [21, 22, 24, 25], [21, 22, 23, 25], [21, 22, 23, 24], [20, 23, 24, 25], [20, 22, 24, 25], [20, 22, 23, 25], [20, 22, 23, 24], [15, 23, 24, 25], [15, 22, 24, 25], [15, 22, 23, 25], [15, 22, 23, 24], [15, 21, 24, 25], [15, 21, 23, 24], [15, 21, 22, 25], [15, 21, 22, 23], [15, 20, 24, 25], [15, 20, 23, 24], [15, 20, 22, 25], [15, 20, 22, 23], [14, 23, 24, 25], [14, 22, 24, 25], [14, 22, 23, 25], [14, 22, 23, 24], [14, 21, 24, 25], [14, 21, 23, 25], [14, 21, 22, 24], [14, 21, 22, 23], [14, 20, 24, 25], [14, 20, 23, 25], [14, 20, 22, 24], [14, 20, 22, 23], [14, 15, 23, 25], [14, 15, 23, 24], [14, 15, 22, 25], [14, 15, 22, 24], [14, 15, 21, 25], [14, 15, 21, 24], [14, 15, 21, 23], [14, 15, 21, 22], [14, 15, 20, 25], [14, 15, 20, 24], [14, 15, 20, 23], [14, 15, 20, 22]]
[[24, 25, 26, 29], [24, 25, 26, 28], [22, 25, 26, 29], [22, 25, 26, 28], [22, 24, 26, 29], [22, 24, 26, 28], [21, 25, 26, 29], [21, 25, 26, 28], [21, 24, 25, 29], [21, 24, 25, 28], [21, 24, 25, 26], [21, 22, 26, 29], [21, 22, 26, 28], [21, 22, 25, 29], [21, 22, 25, 28], [21, 22, 25, 26], [21, 22, 24, 29], [21, 22, 24, 28], [21, 22, 24, 26], [20, 25, 26, 29], [20, 25, 26, 28], [20, 24, 25, 26], [20, 22, 26, 29], [20, 22, 26, 28], [20, 22, 25, 26], [20, 22, 24, 26], [20, 21, 25, 29], [20, 21, 25, 28], [20, 21, 24, 25], [20, 21, 22, 29], [20, 21, 22, 28], [20, 21, 22, 25], [20, 21, 22, 24], [15, 25, 26, 29], [15, 25, 26, 28], [15, 24, 26, 29], [15, 24, 26, 28], [15, 24, 25, 29], [15, 24, 25, 28], [15, 22, 25, 29], [15, 22, 25, 28], [15, 22, 24, 29], [15, 22, 24, 28], [15, 21, 26, 29], [15, 21, 26, 28], [15, 21, 25, 26], [15, 21, 24, 29], [15, 21, 24, 28], [15, 21, 24, 26], [15, 21, 24, 25], [15, 21, 22, 29], [15, 21, 22, 28], [15, 21, 22, 25], [15, 21, 22, 24], [15, 20, 26, 29], [15, 20, 26, 28], [15, 20, 25, 29], [15, 20, 25, 28], [15, 20, 25, 26], [15, 20, 24, 26], [15, 20, 24, 25], [15, 20, 22, 29], [15, 20, 22, 28], [15, 20, 22, 25], [15, 20, 22, 24], [15, 20, 21, 29], [15, 20, 21, 28], [15, 20, 21, 25], [15, 20, 21, 24]]
[[19, 21, 24, 28, 30], [17, 21, 24, 28, 30], [17, 19, 24, 28, 30], [17, 19, 21, 28, 30], [17, 19, 21, 24, 30], [17, 19, 21, 24, 28], [15, 21, 24, 28, 30], [15, 19, 21, 24, 28], [15, 17, 24, 28, 30], [15, 17, 21, 28, 30], [15, 17, 21, 24, 30], [15, 17, 19, 24, 28], [15, 17, 19, 21, 28], [15, 17, 19, 21, 24], [13, 21, 24, 28, 30], [13, 19, 24, 28, 30], [13, 19, 21, 24, 30], [13, 17, 21, 28, 30], [13, 17, 21, 24, 28], [13, 17, 19, 28, 30], [13, 17, 19, 24, 28], [13, 17, 19, 21, 30], [13, 17, 19, 21, 24], [13, 15, 24, 28, 30], [13, 15, 21, 24, 30], [13, 15, 21, 24, 28], [13, 15, 19, 24, 28], [13, 15, 19, 21, 24], [13, 15, 17, 28, 30], [13, 15, 17, 24, 28], [13, 15, 17, 21, 30], [13, 15, 17, 21, 28], [13, 15, 17, 21, 24], [13, 15, 17, 19, 28], [13, 15, 17, 19, 21], [9, 19, 24, 28, 30], [9, 19, 21, 28, 30], [9, 17, 24, 28, 30], [9, 17, 21, 28, 30], [9, 17, 19, 24, 30], [9, 17, 19, 24, 28], [9, 17, 19, 21, 30], [9, 17, 19, 21, 28], [9, 15, 24, 28, 30], [9, 15, 21, 28, 30], [9, 15, 19, 24, 28], [9, 15, 19, 21, 28], [9, 15, 17, 24, 30], [9, 15, 17, 21, 30], [9, 15, 17, 19, 24], [9, 15, 17, 19, 21], [9, 13, 24, 28, 30], [9, 13, 21, 28, 30], [9, 13, 19, 28, 30], [9, 13, 19, 24, 30], [9, 13, 19, 21, 30], [9, 13, 17, 28, 30], [9, 13, 17, 24, 28], [9, 13, 17, 21, 28], [9, 13, 17, 19, 30], [9, 13, 17, 19, 28], [9, 13, 17, 19, 24], [9, 13, 17, 19, 21], [9, 13, 15, 28, 30], [9, 13, 15, 24, 30], [9, 13, 15, 24, 28], [9, 13, 15, 21, 30], [9, 13, 15, 21, 28], [9, 13, 15, 19, 28], [9, 13, 15, 19, 24], [9, 13, 15, 19, 21], [9, 13, 15, 17, 30], [9, 13, 15, 17, 24], [9, 13, 15, 17, 21], [9, 13, 15, 17, 19]]
[[21, 23, 24, 25, 26], [20, 23, 24, 25, 26], [20, 21, 24, 25, 26], [20, 21, 23, 25, 26], [20, 21, 23, 24, 26], [20, 21, 23, 24, 25], [15, 23, 24, 25, 26], [15, 21, 24, 25, 26], [15, 21, 23, 24, 26], [15, 20, 23, 25, 26], [15, 20, 23, 24, 25], [15, 20, 21, 25, 26], [15, 20, 21, 24, 25], [15, 20, 21, 23, 26], [15, 20, 21, 23, 24], [14, 23, 24, 25, 26], [14, 21, 23, 24, 26], [14, 21, 23, 24, 25], [14, 20, 24, 25, 26], [14, 20, 23, 25, 26], [14, 20, 21, 24, 26], [14, 20, 21, 24, 25], [14, 20, 21, 23, 26], [14, 20, 21, 23, 25], [14, 15, 24, 25, 26], [14, 15, 23, 24, 25], [14, 15, 21, 24, 26], [14, 15, 21, 24, 25], [14, 15, 21, 23, 24], [14, 15, 20, 25, 26], [14, 15, 20, 24, 25], [14, 15, 20, 23, 25], [14, 15, 20, 21, 26], [14, 15, 20, 21, 25], [14, 15, 20, 21, 24], [14, 15, 20, 21, 23], [12, 21, 24, 25, 26], [12, 21, 23, 25, 26], [12, 21, 23, 24, 26], [12, 20, 24, 25, 26], [12, 20, 23, 25, 26], [12, 20, 23, 24, 26], [12, 20, 21, 24, 25], [12, 20, 21, 23, 25], [12, 20, 21, 23, 24], [12, 15, 24, 25, 26], [12, 15, 23, 25, 26], [12, 15, 23, 24, 26], [12, 15, 21, 25, 26], [12, 15, 21, 23, 26], [12, 15, 20, 25, 26], [12, 15, 20, 24, 25], [12, 15, 20, 23, 26], [12, 15, 20, 23, 25], [12, 15, 20, 23, 24], [12, 15, 20, 21, 25], [12, 15, 20, 21, 23], [12, 14, 24, 25, 26], [12, 14, 23, 25, 26], [12, 14, 23, 24, 26], [12, 14, 21, 24, 26], [12, 14, 21, 24, 25], [12, 14, 21, 23, 26], [12, 14, 21, 23, 25], [12, 14, 21, 23, 24], [12, 14, 20, 24, 26], [12, 14, 20, 23, 26], [12, 14, 20, 21, 24], [12, 14, 20, 21, 23], [12, 14, 15, 25, 26], [12, 14, 15, 24, 26], [12, 14, 15, 24, 25], [12, 14, 15, 23, 25], [12, 14, 15, 23, 24], [12, 14, 15, 21, 26], [12, 14, 15, 21, 25], [12, 14, 15, 21, 23], [12, 14, 15, 20, 26], [12, 14, 15, 20, 24], [12, 14, 15, 20, 23], [12, 14, 15, 20, 21]]
[[19, 28, 29, 31], [19, 26, 28, 29], [19, 23, 28, 29], [18, 28, 29, 31], [18, 26, 28, 29], [18, 23, 28, 29], [18, 19, 29, 31], [18, 19, 28, 31], [18, 19, 28, 29], [18, 19, 26, 29], [18, 19, 26, 28], [18, 19, 23, 29], [18, 19, 23, 28], [15, 28, 29, 31], [15, 26, 28, 29], [15, 23, 28, 29], [15, 19, 28, 31], [15, 19, 26, 28], [15, 19, 23, 28], [15, 18, 29, 31], [15, 18, 28, 29], [15, 18, 26, 29], [15, 18, 23, 29], [15, 18, 19, 31], [15, 18, 19, 28], [15, 18, 19, 26], [15, 18, 19, 23], [14, 28, 29, 31], [14, 26, 28, 29], [14, 23, 28, 29], [14, 19, 29, 31], [14, 19, 26, 29], [14, 19, 23, 29], [14, 18, 28, 31], [14, 18, 28, 29], [14, 18, 26, 28], [14, 18, 23, 28], [14, 18, 19, 31], [14, 18, 19, 29], [14, 18, 19, 26], [14, 18, 19, 23], [14, 15, 29, 31], [14, 15, 28, 31], [14, 15, 26, 29], [14, 15, 26, 28], [14, 15, 23, 29], [14, 15, 23, 28], [14, 15, 19, 31], [14, 15, 19, 26], [14, 15, 19, 23], [14, 15, 18, 31], [14, 15, 18, 29], [14, 15, 18, 28], [14, 15, 18, 26], [14, 15, 18, 23], [14, 15, 18, 19]]
[[25, 26, 28, 29], [24, 26, 28, 29], [24, 25, 26, 29], [24, 25, 26, 28], [23, 26, 28, 29], [23, 25, 26, 29], [23, 24, 26, 28], [23, 24, 25, 26], [22, 26, 28, 29], [22, 25, 28, 29], [22, 25, 26, 28], [22, 24, 28, 29], [22, 24, 26, 29], [22, 24, 25, 29], [22, 24, 25, 28], [22, 24, 25, 26], [22, 23, 28, 29], [22, 23, 26, 29], [22, 23, 26, 28], [22, 23, 25, 29], [22, 23, 25, 26], [22, 23, 24, 28], [22, 23, 24, 26], [22, 23, 24, 25], [19, 25, 26, 29], [19, 25, 26, 28], [19, 24, 26, 29], [19, 24, 26, 28], [19, 23, 26, 29], [19, 23, 26, 28], [19, 23, 25, 26], [19, 23, 24, 26], [19, 22, 26, 29], [19, 22, 26, 28], [19, 22, 25, 29], [19, 22, 25, 28], [19, 22, 25, 26], [19, 22, 24, 29], [19, 22, 24, 28], [19, 22, 24, 26], [19, 22, 23, 29], [19, 22, 23, 28], [19, 22, 23, 25], [19, 22, 23, 24], [12, 25, 28, 29], [12, 24, 28, 29], [12, 24, 25, 29], [12, 24, 25, 28], [12, 23, 28, 29], [12, 23, 25, 29], [12, 23, 24, 28], [12, 23, 24, 25], [12, 22, 28, 29], [12, 22, 25, 28], [12, 22, 24, 29], [12, 22, 24, 25], [12, 22, 23, 29], [12, 22, 23, 28], [12, 22, 23, 25], [12, 22, 23, 24], [12, 19, 25, 29], [12, 19, 25, 28], [12, 19, 24, 29], [12, 19, 24, 28], [12, 19, 23, 29], [12, 19, 23, 28], [12, 19, 23, 25], [12, 19, 23, 24], [12, 19, 22, 29], [12, 19, 22, 28], [12, 19, 22, 25], [12, 19, 22, 24]]
[[19, 26, 28, 29], [19, 23, 28, 29], [18, 26, 28, 29], [18, 23, 28, 29], [18, 19, 26, 29], [18, 19, 26, 28], [18, 19, 23, 29], [18, 19, 23, 28], [15, 26, 28, 29], [15, 23, 28, 29], [15, 19, 28, 29], [15, 19, 26, 28], [15, 19, 23, 28], [15, 18, 28, 29], [15, 18, 26, 29], [15, 18, 23, 29], [15, 18, 19, 29], [15, 18, 19, 28], [15, 18, 19, 26], [15, 18, 19, 23], [14, 26, 28, 29], [14, 23, 28, 29], [14, 19, 28, 29], [14, 19, 26, 29], [14, 19, 23, 29], [14, 18, 28, 29], [14, 18, 26, 28], [14, 18, 23, 28], [14, 18, 19, 29], [14, 18, 19, 28], [14, 18, 19, 26], [14, 18, 19, 23], [14, 15, 26, 29], [14, 15, 26, 28], [14, 15, 23, 29], [14, 15, 23, 28], [14, 15, 19, 29], [14, 15, 19, 28], [14, 15, 19, 26], [14, 15, 19, 23], [14, 15, 18, 29], [14, 15, 18, 28], [14, 15, 18, 26], [14, 15, 18, 23], [12, 19, 28, 29], [12, 18, 28, 29], [12, 18, 19, 29], [12, 18, 19, 28], [12, 15, 28, 29], [12, 15, 19, 28], [12, 15, 18, 29], [12, 15, 18, 19], [12, 14, 28, 29], [12, 14, 19, 29], [12, 14, 18, 28], [12, 14, 18, 19], [12, 14, 15, 29], [12, 14, 15, 28], [12, 14, 15, 19], [12, 14, 15, 18]]
[[12, 20, 24, 30, 31], [12, 20, 24, 25, 31], [12, 19, 24, 30, 31], [12, 19, 24, 25, 31], [12, 19, 20, 30, 31], [12, 19, 20, 25, 31], [12, 19, 20, 24, 30], [12, 19, 20, 24, 25], [11, 20, 24, 30, 31], [11, 20, 24, 25, 31], [11, 19, 24, 30, 31], [11, 19, 24, 25, 31], [11, 19, 20, 30, 31], [11, 19, 20, 25, 31], [11, 19, 20, 24, 30], [11, 19, 20, 24, 25], [11, 12, 20, 30, 31], [11, 12, 20, 25, 31], [11, 12, 20, 24, 30], [11, 12, 20, 24, 25], [11, 12, 19, 30, 31], [11, 12, 19, 25, 31], [11, 12, 19, 24, 30], [11, 12, 19, 24, 25], [7, 20, 24, 30, 31], [7, 20, 24, 25, 31], [7, 19, 24, 30, 31], [7, 19, 24, 25, 31], [7, 19, 20, 30, 31], [7, 19, 20, 25, 31], [7, 19, 20, 24, 30], [7, 19, 20, 24, 25], [7, 12, 24, 30, 31], [7, 12, 24, 25, 31], [7, 12, 20, 24, 31], [7, 12, 20, 24, 30], [7, 12, 20, 24, 25], [7, 12, 19, 30, 31], [7, 12, 19, 25, 31], [7, 12, 19, 24, 31], [7, 12, 19, 20, 31], [7, 12, 19, 20, 30], [7, 12, 19, 20, 25], [7, 12, 19, 20, 24], [7, 11, 24, 30, 31], [7, 11, 24, 25, 31], [7, 11, 20, 30, 31], [7, 11, 20, 25, 31], [7, 11, 20, 24, 31], [7, 11, 19, 24, 31], [7, 11, 19, 24, 30], [7, 11, 19, 24, 25], [7, 11, 19, 20, 31], [7, 11, 19, 20, 30], [7, 11, 19, 20, 25], [7, 11, 19, 20, 24], [7, 11, 12, 30, 31], [7, 11, 12, 25, 31], [7, 11, 12, 24, 30], [7, 11, 12, 24, 25], [7, 11, 12, 20, 31], [7, 11, 12, 20, 30], [7, 11, 12, 20, 25], [7, 11, 12, 20, 24], [7, 11, 12, 19, 31], [7, 11, 12, 19, 30], [7, 11, 12, 19, 25], [7, 11, 12, 19, 24]]
[[26, 28, 29, 31], [24, 26, 28, 29], [21, 28, 29, 31], [21, 26, 29, 31], [21, 26, 28, 29], [21, 24, 28, 29], [21, 24, 26, 29], [20, 26, 29, 31], [20, 24, 26, 29], [20, 21, 29, 31], [20, 21, 26, 29], [20, 21, 24, 29], [18, 26, 29, 31], [18, 26, 28, 31], [18, 26, 28, 29], [18, 24, 26, 29], [18, 24, 26, 28], [18, 21, 29, 31], [18, 21, 28, 31], [18, 21, 28, 29], [18, 21, 26, 31], [18, 21, 26, 28], [18, 21, 24, 29], [18, 21, 24, 28], [18, 21, 24, 26], [18, 20, 26, 31], [18, 20, 26, 29], [18, 20, 24, 26], [18, 20, 21, 31], [18, 20, 21, 29], [18, 20, 21, 26], [18, 20, 21, 24], [15, 28, 29, 31], [15, 26, 29, 31], [15, 26, 28, 31], [15, 24, 28, 29], [15, 24, 26, 29], [15, 24, 26, 28], [15, 21, 28, 31], [15, 21, 28, 29], [15, 21, 26, 31], [15, 21, 26, 29], [15, 21, 26, 28], [15, 21, 24, 28], [15, 21, 24, 26], [15, 20, 29, 31], [15, 20, 26, 31], [15, 20, 24, 29], [15, 20, 24, 26], [15, 20, 21, 31], [15, 20, 21, 29], [15, 20, 21, 26], [15, 20, 21, 24], [15, 18, 29, 31], [15, 18, 28, 31], [15, 18, 28, 29], [15, 18, 26, 29], [15, 18, 26, 28], [15, 18, 24, 29], [15, 18, 24, 28], [15, 18, 21, 31], [15, 18, 21, 29], [15, 18, 21, 26], [15, 18, 21, 24], [15, 18, 20, 31], [15, 18, 20, 29], [15, 18, 20, 26], [15, 18, 20, 24]]
[[23, 24, 28, 29], [21, 24, 28, 29], [21, 23, 28, 29], [19, 24, 28, 29], [19, 23, 28, 29], [19, 23, 24, 29], [19, 21, 24, 29], [19, 21, 23, 29], [18, 24, 28, 29], [18, 23, 28, 29], [18, 23, 24, 28], [18, 21, 24, 28], [18, 21, 23, 28], [18, 19, 24, 29], [18, 19, 24, 28], [18, 19, 23, 29], [18, 19, 23, 28], [18, 19, 23, 24], [18, 19, 21, 24], [18, 19, 21, 23], [15, 24, 28, 29], [15, 23, 24, 29], [15, 23, 24, 28], [15, 21, 28, 29], [15, 21, 24, 29], [15, 21, 24, 28], [15, 21, 23, 29], [15, 21, 23, 28], [15, 19, 28, 29], [15, 19, 24, 28], [15, 19, 23, 29], [15, 19, 23, 28], [15, 19, 23, 24], [15, 19, 21, 29], [15, 19, 21, 24], [15, 19, 21, 23], [15, 18, 28, 29], [15, 18, 24, 29], [15, 18, 23, 29], [15, 18, 23, 28], [15, 18, 23, 24], [15, 18, 21, 28], [15, 18, 21, 24], [15, 18, 21, 23], [15, 18, 19, 29], [15, 18, 19, 28], [15, 18, 19, 24], [15, 18, 19, 21], [12, 24, 28, 29], [12, 23, 28, 29], [12, 19, 24, 29], [12, 19, 23, 29], [12, 18, 24, 28], [12, 18, 23, 28], [12, 18, 19, 24], [12, 18, 19, 23], [12, 15, 28, 29], [12, 15, 24, 29], [12, 15, 24, 28], [12, 15, 23, 29], [12, 15, 23, 28], [12, 15, 19, 29], [12, 15, 19, 24], [12, 15, 19, 23], [12, 15, 18, 28], [12, 15, 18, 24], [12, 15, 18, 23], [12, 15, 18, 19]]
[[23, 25, 28, 29], [23, 24, 28, 29], [23, 24, 25, 29], [23, 24, 25, 28], [22, 25, 28, 29], [22, 24, 28, 29], [22, 24, 25, 29], [22, 24, 25, 28], [22, 23, 25, 29], [22, 23, 25, 28], [22, 23, 24, 29], [22, 23, 24, 28], [19, 25, 28, 29], [19, 24, 28, 29], [19, 24, 25, 29], [19, 24, 25, 28], [19, 23, 28, 29], [19, 23, 25, 28], [19, 23, 24, 29], [19, 23, 24, 25], [19, 22, 28, 29], [19, 22, 25, 29], [19, 22, 24, 28], [19, 22, 24, 25], [19, 22, 23, 29], [19, 22, 23, 28], [19, 22, 23, 25], [19, 22, 23, 24], [18, 25, 28, 29], [18, 24, 28, 29], [18, 24, 25, 29], [18, 24, 25, 28], [18, 23, 28, 29], [18, 23, 25, 29], [18, 23, 24, 28], [18, 23, 24, 25], [18, 22, 28, 29], [18, 22, 25, 28], [18, 22, 24, 29], [18, 22, 24, 25], [18, 22, 23, 29], [18, 22, 23, 28], [18, 22, 23, 25], [18, 22, 23, 24], [18, 19, 25, 29], [18, 19, 25, 28], [18, 19, 24, 29], [18, 19, 24, 28], [18, 19, 23, 29], [18, 19, 23, 28], [18, 19, 23, 25], [18, 19, 23, 24], [18, 19, 22, 29], [18, 19, 22, 28], [18, 19, 22, 25], [18, 19, 22, 24]]
[[27, 28, 29, 31], [26, 27, 29, 31], [22, 27, 28, 29], [22, 26, 27, 29], [20, 28, 29, 31], [20, 27, 28, 31], [20, 26, 29, 31], [20, 26, 27, 31], [20, 22, 28, 29], [20, 22, 27, 28], [20, 22, 26, 29], [20, 22, 26, 27], [9, 28, 29, 31], [9, 27, 28, 31], [9, 27, 28, 29], [9, 26, 29, 31], [9, 26, 27, 31], [9, 26, 27, 29], [9, 22, 28, 29], [9, 22, 27, 28], [9, 22, 26, 29], [9, 22, 26, 27], [9, 20, 28, 29], [9, 20, 27, 28], [9, 20, 26, 29], [9, 20, 26, 27], [6, 28, 29, 31], [6, 27, 29, 31], [6, 26, 29, 31], [6, 22, 28, 29], [6, 22, 27, 29], [6, 22, 26, 29], [6, 20, 29, 31], [6, 20, 28, 31], [6, 20, 27, 31], [6, 20, 26, 31], [6, 20, 22, 29], [6, 20, 22, 28], [6, 20, 22, 27], [6, 20, 22, 26], [6, 9, 29, 31], [6, 9, 28, 31], [6, 9, 28, 29], [6, 9, 27, 31], [6, 9, 27, 29], [6, 9, 26, 31], [6, 9, 26, 29], [6, 9, 22, 29], [6, 9, 22, 28], [6, 9, 22, 27], [6, 9, 22, 26], [6, 9, 20, 29], [6, 9, 20, 28], [6, 9, 20, 27], [6, 9, 20, 26]]
[[25, 26, 28, 29], [24, 25, 26, 28], [22, 26, 28, 29], [22, 25, 26, 28], [22, 24, 26, 28], [21, 25, 28, 29], [21, 24, 25, 28], [21, 22, 28, 29], [21, 22, 25, 28], [21, 22, 24, 28], [19, 25, 26, 29], [19, 25, 26, 28], [19, 24, 25, 26], [19, 22, 26, 29], [19, 22, 26, 28], [19, 22, 25, 26], [19, 22, 24, 26], [19, 21, 25, 29], [19, 21, 25, 28], [19, 21, 24, 25], [19, 21, 22, 29], [19, 21, 22, 28], [19, 21, 22, 25], [19, 21, 22, 24], [15, 26, 28, 29], [15, 25, 28, 29], [15, 25, 26, 29], [15, 24, 26, 28], [15, 24, 25, 28], [15, 24, 25, 26], [15, 22, 28, 29], [15, 22, 26, 29], [15, 22, 26, 28], [15, 22, 25, 28], [15, 22, 25, 26], [15, 22, 24, 28], [15, 22, 24, 26], [15, 21, 28, 29], [15, 21, 25, 29], [15, 21, 24, 28], [15, 21, 24, 25], [15, 21, 22, 29], [15, 21, 22, 28], [15, 21, 22, 25], [15, 21, 22, 24], [15, 19, 26, 29], [15, 19, 26, 28], [15, 19, 25, 29], [15, 19, 25, 28], [15, 19, 25, 26], [15, 19, 24, 26], [15, 19, 24, 25], [15, 19, 22, 29], [15, 19, 22, 28], [15, 19, 22, 25], [15, 19, 22, 24], [15, 19, 21, 29], [15, 19, 21, 28], [15, 19, 21, 25], [15, 19, 21, 24]]
[[26, 28, 29, 31], [23, 28, 29, 31], [19, 28, 29, 31], [19, 26, 29, 31], [19, 26, 28, 29], [19, 23, 29, 31], [19, 23, 28, 29], [18, 28, 29, 31], [18, 26, 28, 31], [18, 23, 28, 31], [18, 19, 29, 31], [18, 19, 28, 31], [18, 19, 28, 29], [18, 19, 26, 31], [18, 19, 26, 28], [18, 19, 23, 31], [18, 19, 23, 28], [15, 26, 29, 31], [15, 26, 28, 31], [15, 23, 29, 31], [15, 23, 28, 31], [15, 19, 29, 31], [15, 19, 28, 31], [15, 19, 26, 31], [15, 19, 26, 29], [15, 19, 26, 28], [15, 19, 23, 31], [15, 19, 23, 29], [15, 19, 23, 28], [15, 18, 29, 31], [15, 18, 28, 31], [15, 18, 26, 31], [15, 18, 23, 31], [15, 18, 19, 29], [15, 18, 19, 28], [15, 18, 19, 26], [15, 18, 19, 23], [12, 28, 29, 31], [12, 26, 28, 29], [12, 23, 28, 29], [12, 19, 29, 31], [12, 19, 26, 29], [12, 19, 23, 29], [12, 18, 28, 31], [12, 18, 28, 29], [12, 18, 26, 28], [12, 18, 23, 28], [12, 18, 19, 31], [12, 18, 19, 29], [12, 18, 19, 26], [12, 18, 19, 23], [12, 15, 29, 31], [12, 15, 28, 31], [12, 15, 26, 29], [12, 15, 26, 28], [12, 15, 23, 29], [12, 15, 23, 28], [12, 15, 19, 31], [12, 15, 19, 26], [12, 15, 19, 23], [12, 15, 18, 31], [12, 15, 18, 29], [12, 15, 18, 28], [12, 15, 18, 26], [12, 15, 18, 23], [12, 15, 18, 19]]
[[25, 26, 28, 29], [24, 26, 28, 29], [24, 25, 26, 29], [24, 25, 26, 28], [23, 25, 28, 29], [23, 25, 26, 29], [23, 25, 26, 28], [23, 24, 28, 29], [23, 24, 26, 29], [23, 24, 26, 28], [23, 24, 25, 29], [23, 24, 25, 28], [19, 26, 28, 29], [19, 25, 28, 29], [19, 25, 26, 29], [19, 24, 28, 29], [19, 24, 26, 28], [19, 24, 25, 29], [19, 24, 25, 28], [19, 24, 25, 26], [19, 23, 28, 29], [19, 23, 26, 29], [19, 23, 26, 28], [19, 23, 25, 28], [19, 23, 25, 26], [19, 23, 24, 29], [19, 23, 24, 26], [19, 23, 24, 25], [18, 26, 28, 29], [18, 25, 28, 29], [18, 25, 26, 28], [18, 24, 28, 29], [18, 24, 26, 29], [18, 24, 25, 29], [18, 24, 25, 28], [18, 24, 25, 26], [18, 23, 28, 29], [18, 23, 26, 29], [18, 23, 26, 28], [18, 23, 25, 29], [18, 23, 25, 26], [18, 23, 24, 28], [18, 23, 24, 26], [18, 23, 24, 25], [18, 19, 26, 29], [18, 19, 26, 28], [18, 19, 25, 29], [18, 19, 25, 28], [18, 19, 25, 26], [18, 19, 24, 29], [18, 19, 24, 28], [18, 19, 24, 26], [18, 19, 23, 29], [18, 19, 23, 28], [18, 19, 23, 25], [18, 19, 23, 24], [12, 25, 28, 29], [12, 24, 28, 29], [12, 24, 25, 29], [12, 24, 25, 28], [12, 23, 25, 29], [12, 23, 25, 28], [12, 23, 24, 29], [12, 23, 24, 28], [12, 19, 28, 29], [12, 19, 25, 29], [12, 19, 24, 28], [12, 19, 24, 25], [12, 19, 23, 29], [12, 19, 23, 28], [12, 19, 23, 25], [12, 19, 23, 24], [12, 18, 28, 29], [12, 18, 25, 28], [12, 18, 24, 29], [12, 18, 24, 25], [12, 18, 23, 29], [12, 18, 23, 28], [12, 18, 23, 25], [12, 18, 23, 24], [12, 18, 19, 29], [12, 18, 19, 28], [12, 18, 19, 25], [12, 18, 19, 24]]
[[26, 28, 29, 31], [18, 28, 29, 31], [18, 26, 29, 31], [18, 26, 28, 31], [18, 26, 28, 29], [15, 28, 29, 31], [15, 26, 28, 31], [15, 26, 28, 29], [15, 18, 29, 31], [15, 18, 26, 31], [15, 18, 26, 29], [14, 28, 29, 31], [14, 26, 29, 31], [14, 26, 28, 29], [14, 18, 28, 31], [14, 18, 26, 31], [14, 18, 26, 28], [14, 15, 29, 31], [14, 15, 28, 31], [14, 15, 26, 31], [14, 15, 26, 29], [14, 15, 26, 28], [14, 15, 18, 31], [14, 15, 18, 26], [12, 26, 28, 29], [12, 18, 28, 29], [12, 18, 26, 29], [12, 18, 26, 28], [12, 15, 28, 29], [12, 15, 26, 28], [12, 15, 18, 29], [12, 15, 18, 26], [12, 14, 28, 29], [12, 14, 26, 29], [12, 14, 18, 28], [12, 14, 18, 26], [12, 14, 15, 29], [12, 14, 15, 28], [12, 14, 15, 26], [12, 14, 15, 18], [9, 28, 29, 31], [9, 18, 29, 31], [9, 18, 28, 31], [9, 18, 28, 29], [9, 15, 28, 31], [9, 15, 28, 29], [9, 15, 18, 31], [9, 15, 18, 29], [9, 14, 29, 31], [9, 14, 28, 29], [9, 14, 18, 31], [9, 14, 18, 28], [9, 14, 15, 31], [9, 14, 15, 29], [9, 14, 15, 28], [9, 14, 15, 18], [9, 12, 28, 29], [9, 12, 18, 29], [9, 12, 18, 28], [9, 12, 15, 28], [9, 12, 15, 18], [9, 12, 14, 29], [9, 12, 14, 18], [9, 12, 14, 15]]
[[26, 28, 29, 31], [25, 28, 29, 31], [25, 26, 29, 31], [25, 26, 28, 29], [24, 28, 29, 31], [24, 26, 29, 31], [24, 25, 28, 29], [24, 25, 26, 29], [20, 28, 29, 31], [20, 26, 28, 29], [20, 25, 29, 31], [20, 25, 26, 29], [20, 24, 29, 31], [20, 24, 28, 29], [20, 24, 26, 29], [20, 24, 25, 29], [18, 26, 29, 31], [18, 26, 28, 31], [18, 26, 28, 29], [18, 25, 29, 31], [18, 25, 28, 31], [18, 25, 28, 29], [18, 25, 26, 31], [18, 25, 26, 28], [18, 24, 29, 31], [18, 24, 28, 31], [18, 24, 28, 29], [18, 24, 26, 31], [18, 24, 26, 29], [18, 24, 25, 29], [18, 24, 25, 28], [18, 24, 25, 26], [18, 20, 29, 31], [18, 20, 28, 31], [18, 20, 28, 29], [18, 20, 26, 29], [18, 20, 26, 28], [18, 20, 25, 31], [18, 20, 25, 29], [18, 20, 25, 26], [18, 20, 24, 31], [18, 20, 24, 28], [18, 20, 24, 26], [18, 20, 24, 25], [15, 28, 29, 31], [15, 26, 29, 31], [15, 26, 28, 31], [15, 25, 28, 31], [15, 25, 28, 29], [15, 25, 26, 31], [15, 25, 26, 29], [15, 25, 26, 28], [15, 24, 28, 31], [15, 24, 26, 31], [15, 24, 25, 28], [15, 24, 25, 26], [15, 20, 29, 31], [15, 20, 28, 31], [15, 20, 28, 29], [15, 20, 26, 29], [15, 20, 26, 28], [15, 20, 25, 31], [15, 20, 25, 29], [15, 20, 25, 26], [15, 20, 24, 31], [15, 20, 24, 28], [15, 20, 24, 26], [15, 20, 24, 25], [15, 18, 29, 31], [15, 18, 28, 31], [15, 18, 28, 29], [15, 18, 26, 29], [15, 18, 26, 28], [15, 18, 25, 31], [15, 18, 25, 29], [15, 18, 25, 26], [15, 18, 24, 31], [15, 18, 24, 28], [15, 18, 24, 26], [15, 18, 24, 25]]
[[20, 27, 28, 29], [20, 26, 27, 29], [18, 27, 28, 29], [18, 26, 27, 29], [18, 20, 28, 29], [18, 20, 27, 28], [18, 20, 26, 29], [18, 20, 26, 27], [9, 20, 28, 29], [9, 20, 27, 28], [9, 20, 26, 29], [9, 20, 26, 27], [9, 18, 28, 29], [9, 18, 27, 28], [9, 18, 26, 29], [9, 18, 26, 27], [6, 27, 28, 29], [6, 26, 27, 29], [6, 20, 27, 29], [6, 20, 27, 28], [6, 20, 26, 27], [6, 18, 28, 29], [6, 18, 27, 29], [6, 18, 26, 29], [6, 18, 20, 29], [6, 18, 20, 28], [6, 18, 20, 27], [6, 18, 20, 26], [6, 9, 28, 29], [6, 9, 27, 28], [6, 9, 26, 29], [6, 9, 26, 27], [6, 9, 20, 29], [6, 9, 20, 28], [6, 9, 20, 27], [6, 9, 20, 26], [6, 9, 18, 29], [6, 9, 18, 28], [6, 9, 18, 27], [6, 9, 18, 26]]
[[18, 19, 22, 26], [17, 19, 22, 26], [17, 18, 22, 26], [17, 18, 19, 26], [17, 18, 19, 22], [15, 18, 22, 26], [15, 18, 19, 22], [15, 17, 22, 26], [15, 17, 19, 22], [15, 17, 18, 26], [15, 17, 18, 19], [14, 19, 22, 26], [14, 18, 19, 22], [14, 17, 22, 26], [14, 17, 19, 26], [14, 17, 18, 22], [14, 17, 18, 19], [14, 15, 22, 26], [14, 15, 19, 22], [14, 15, 18, 22], [14, 15, 17, 26], [14, 15, 17, 22], [14, 15, 17, 19], [14, 15, 17, 18], [13, 19, 22, 26], [13, 18, 22, 26], [13, 18, 19, 26], [13, 17, 19, 22], [13, 17, 18, 22], [13, 17, 18, 19], [13, 15, 22, 26], [13, 15, 19, 22], [13, 15, 18, 26], [13, 15, 18, 22], [13, 15, 18, 19], [13, 15, 17, 22], [13, 15, 17, 18], [13, 14, 22, 26], [13, 14, 19, 26], [13, 14, 19, 22], [13, 14, 18, 22], [13, 14, 18, 19], [13, 14, 17, 22], [13, 14, 17, 19], [13, 14, 15, 26], [13, 14, 15, 19], [13, 14, 15, 18], [13, 14, 15, 17], [10, 18, 19, 26], [10, 18, 19, 22], [10, 17, 19, 26], [10, 17, 19, 22], [10, 17, 18, 26], [10, 17, 18, 22], [10, 15, 18, 26], [10, 15, 18, 22], [10, 15, 18, 19], [10, 15, 17, 26], [10, 15, 17, 22], [10, 15, 17, 19], [10, 15, 17, 18], [10, 14, 19, 26], [10, 14, 19, 22], [10, 14, 18, 19], [10, 14, 17, 26], [10, 14, 17, 22], [10, 14, 17, 19], [10, 14, 17, 18], [10, 14, 15, 26], [10, 14, 15, 22], [10, 14, 15, 19], [10, 14, 15, 18], [10, 13, 19, 26], [10, 13, 19, 22], [10, 13, 18, 26], [10, 13, 18, 22], [10, 13, 18, 19], [10, 13, 17, 19], [10, 13, 17, 18], [10, 13, 15, 26], [10, 13, 15, 22], [10, 13, 15, 19], [10, 13, 15, 17], [10, 13, 14, 26], [10, 13, 14, 22], [10, 13, 14, 18], [10, 13, 14, 17], [10, 13, 14, 15]]
[[24, 26, 29, 31], [21, 24, 29, 31], [21, 24, 26, 29], [20, 26, 29, 31], [20, 24, 26, 29], [20, 21, 29, 31], [20, 21, 26, 29], [20, 21, 24, 29], [18, 24, 26, 31], [18, 24, 26, 29], [18, 21, 24, 31], [18, 21, 24, 29], [18, 21, 24, 26], [18, 20, 26, 31], [18, 20, 26, 29], [18, 20, 24, 26], [18, 20, 21, 31], [18, 20, 21, 29], [18, 20, 21, 26], [18, 20, 21, 24], [15, 24, 29, 31], [15, 24, 26, 31], [15, 21, 24, 31], [15, 21, 24, 29], [15, 21, 24, 26], [15, 20, 29, 31], [15, 20, 26, 31], [15, 20, 24, 29], [15, 20, 24, 26], [15, 20, 21, 31], [15, 20, 21, 29], [15, 20, 21, 26], [15, 20, 21, 24], [15, 18, 24, 31], [15, 18, 24, 29], [15, 18, 24, 26], [15, 18, 20, 31], [15, 18, 20, 29], [15, 18, 20, 26], [15, 18, 20, 24], [12, 26, 29, 31], [12, 24, 26, 29], [12, 21, 29, 31], [12, 21, 26, 29], [12, 21, 24, 29], [12, 18, 26, 31], [12, 18, 26, 29], [12, 18, 24, 26], [12, 18, 21, 31], [12, 18, 21, 29], [12, 18, 21, 26], [12, 18, 21, 24], [12, 15, 29, 31], [12, 15, 26, 31], [12, 15, 24, 29], [12, 15, 24, 26], [12, 15, 21, 31], [12, 15, 21, 29], [12, 15, 21, 26], [12, 15, 21, 24], [12, 15, 18, 31], [12, 15, 18, 29], [12, 15, 18, 26], [12, 15, 18, 24]]
[[19, 25, 28, 29], [19, 21, 28, 29], [18, 25, 28, 29], [18, 21, 28, 29], [18, 19, 25, 29], [18, 19, 25, 28], [18, 19, 21, 29], [18, 19, 21, 28], [15, 25, 28, 29], [15, 21, 28, 29], [15, 19, 25, 28], [15, 19, 21, 28], [15, 18, 25, 29], [15, 18, 21, 29], [15, 18, 19, 25], [15, 18, 19, 21], [14, 25, 28, 29], [14, 21, 28, 29], [14, 19, 25, 29], [14, 19, 21, 29], [14, 18, 25, 28], [14, 18, 21, 28], [14, 18, 19, 25], [14, 18, 19, 21], [14, 15, 25, 29], [14, 15, 25, 28], [14, 15, 21, 29], [14, 15, 21, 28], [14, 15, 19, 25], [14, 15, 19, 21], [14, 15, 18, 25], [14, 15, 18, 21], [12, 19, 28, 29], [12, 18, 28, 29], [12, 18, 19, 29], [12, 18, 19, 28], [12, 15, 28, 29], [12, 15, 19, 28], [12, 15, 18, 29], [12, 15, 18, 19], [12, 14, 28, 29], [12, 14, 19, 29], [12, 14, 18, 28], [12, 14, 18, 19], [12, 14, 15, 29], [12, 14, 15, 28], [12, 14, 15, 19], [12, 14, 15, 18]]
[[15, 27, 28, 31], [15, 26, 27, 31], [15, 22, 27, 28], [15, 22, 26, 27], [15, 20, 28, 31], [15, 20, 26, 31], [15, 20, 22, 28], [15, 20, 22, 26], [9, 27, 28, 31], [9, 26, 27, 31], [9, 22, 27, 28], [9, 22, 26, 27], [9, 20, 28, 31], [9, 20, 26, 31], [9, 20, 22, 28], [9, 20, 22, 26], [9, 15, 28, 31], [9, 15, 27, 28], [9, 15, 26, 31], [9, 15, 26, 27], [9, 15, 22, 28], [9, 15, 22, 26], [9, 15, 20, 28], [9, 15, 20, 26], [6, 27, 28, 31], [6, 26, 27, 31], [6, 22, 27, 28], [6, 22, 26, 27], [6, 20, 28, 31], [6, 20, 26, 31], [6, 20, 22, 28], [6, 20, 22, 26], [6, 15, 28, 31], [6, 15, 27, 31], [6, 15, 26, 31], [6, 15, 22, 28], [6, 15, 22, 27], [6, 15, 22, 26], [6, 15, 20, 31], [6, 15, 20, 22], [6, 9, 27, 31], [6, 9, 27, 28], [6, 9, 26, 27], [6, 9, 22, 27], [6, 9, 20, 31], [6, 9, 20, 28], [6, 9, 20, 26], [6, 9, 20, 22], [6, 9, 15, 31], [6, 9, 15, 28], [6, 9, 15, 27], [6, 9, 15, 26], [6, 9, 15, 22], [6, 9, 15, 20]]
[[23, 24, 25, 28, 29], [22, 24, 25, 28, 29], [22, 23, 25, 28, 29], [22, 23, 24, 28, 29], [19, 24, 25, 28, 29], [19, 23, 25, 28, 29], [19, 23, 24, 25, 29], [19, 22, 24, 28, 29], [19, 22, 24, 25, 29], [19, 22, 23, 28, 29], [19, 22, 23, 25, 29], [19, 22, 23, 24, 29], [18, 24, 25, 28, 29], [18, 23, 25, 28, 29], [18, 23, 24, 25, 28], [18, 22, 24, 28, 29], [18, 22, 24, 25, 28], [18, 22, 23, 28, 29], [18, 22, 23, 25, 28], [18, 22, 23, 24, 28], [18, 19, 24, 25, 29], [18, 19, 24, 25, 28], [18, 19, 23, 25, 29], [18, 19, 23, 25, 28], [18, 19, 23, 24, 25], [18, 19, 22, 24, 29], [18, 19, 22, 24, 28], [18, 19, 22, 24, 25], [18, 19, 22, 23, 29], [18, 19, 22, 23, 28], [18, 19, 22, 23, 25], [18, 19, 22, 23, 24], [15, 23, 25, 28, 29], [15, 23, 24, 28, 29], [15, 23, 24, 25, 29], [15, 23, 24, 25, 28], [15, 22, 25, 28, 29], [15, 22, 24, 28, 29], [15, 22, 24, 25, 29], [15, 22, 24, 25, 28], [15, 22, 23, 25, 29], [15, 22, 23, 25, 28], [15, 22, 23, 24, 29], [15, 22, 23, 24, 28], [15, 19, 25, 28, 29], [15, 19, 24, 28, 29], [15, 19, 24, 25, 29], [15, 19, 24, 25, 28], [15, 19, 23, 28, 29], [15, 19, 23, 25, 28], [15, 19, 23, 24, 29], [15, 19, 23, 24, 25], [15, 19, 22, 28, 29], [15, 19, 22, 25, 29], [15, 19, 22, 24, 28], [15, 19, 22, 24, 25], [15, 19, 22, 23, 29], [15, 19, 22, 23, 28], [15, 19, 22, 23, 25], [15, 19, 22, 23, 24], [15, 18, 25, 28, 29], [15, 18, 24, 28, 29], [15, 18, 24, 25, 29], [15, 18, 24, 25, 28], [15, 18, 23, 28, 29], [15, 18, 23, 25, 29], [15, 18, 23, 24, 28], [15, 18, 23, 24, 25], [15, 18, 22, 28, 29], [15, 18, 22, 25, 28], [15, 18, 22, 24, 29], [15, 18, 22, 24, 25], [15, 18, 22, 23, 29], [15, 18, 22, 23, 28], [15, 18, 22, 23, 25], [15, 18, 22, 23, 24], [15, 18, 19, 25, 29], [15, 18, 19, 25, 28], [15, 18, 19, 24, 29], [15, 18, 19, 24, 28], [15, 18, 19, 23, 29], [15, 18, 19, 23, 28], [15, 18, 19, 23, 25], [15, 18, 19, 23, 24], [15, 18, 19, 22, 29], [15, 18, 19, 22, 28], [15, 18, 19, 22, 25], [15, 18, 19, 22, 24]]
[[25, 26, 28, 29], [22, 26, 28, 29], [21, 25, 28, 29], [21, 22, 28, 29], [19, 25, 26, 29], [19, 22, 26, 29], [19, 21, 25, 29], [19, 21, 22, 29], [18, 25, 26, 28], [18, 22, 26, 28], [18, 21, 25, 28], [18, 21, 22, 28], [18, 19, 25, 26], [18, 19, 22, 26], [18, 19, 21, 25], [18, 19, 21, 22], [15, 26, 28, 29], [15, 25, 28, 29], [15, 25, 26, 29], [15, 25, 26, 28], [15, 22, 28, 29], [15, 22, 26, 29], [15, 22, 26, 28], [15, 21, 28, 29], [15, 21, 25, 29], [15, 21, 25, 28], [15, 21, 22, 29], [15, 21, 22, 28], [15, 19, 26, 29], [15, 19, 25, 29], [15, 19, 25, 26], [15, 19, 22, 29], [15, 19, 22, 26], [15, 19, 21, 29], [15, 19, 21, 25], [15, 19, 21, 22], [15, 18, 26, 28], [15, 18, 25, 28], [15, 18, 25, 26], [15, 18, 22, 28], [15, 18, 22, 26], [15, 18, 21, 28], [15, 18, 21, 25], [15, 18, 21, 22], [15, 18, 19, 26], [15, 18, 19, 25], [15, 18, 19, 22], [15, 18, 19, 21]]
[[25, 26, 28, 29], [24, 26, 28, 29], [24, 25, 28, 29], [24, 25, 26, 29], [24, 25, 26, 28], [22, 25, 28, 29], [22, 25, 26, 29], [22, 25, 26, 28], [22, 24, 28, 29], [22, 24, 26, 29], [22, 24, 26, 28], [21, 26, 28, 29], [21, 25, 26, 29], [21, 24, 28, 29], [21, 24, 26, 28], [21, 24, 25, 29], [21, 24, 25, 26], [21, 22, 28, 29], [21, 22, 26, 29], [21, 22, 26, 28], [21, 22, 25, 29], [21, 22, 25, 26], [21, 22, 24, 29], [21, 22, 24, 26], [20, 26, 28, 29], [20, 25, 28, 29], [20, 25, 26, 29], [20, 24, 26, 28], [20, 24, 25, 28], [20, 24, 25, 26], [20, 22, 28, 29], [20, 22, 26, 29], [20, 22, 26, 28], [20, 22, 25, 28], [20, 22, 25, 26], [20, 22, 24, 28], [20, 22, 24, 26], [20, 21, 28, 29], [20, 21, 25, 29], [20, 21, 24, 28], [20, 21, 24, 25], [20, 21, 22, 29], [20, 21, 22, 28], [20, 21, 22, 25], [20, 21, 22, 24], [19, 25, 26, 29], [19, 25, 26, 28], [19, 24, 26, 29], [19, 24, 26, 28], [19, 24, 25, 29], [19, 24, 25, 28], [19, 22, 25, 29], [19, 22, 25, 28], [19, 22, 24, 29], [19, 22, 24, 28], [19, 21, 26, 29], [19, 21, 26, 28], [19, 21, 25, 26], [19, 21, 24, 29], [19, 21, 24, 28], [19, 21, 24, 26], [19, 21, 24, 25], [19, 21, 22, 29], [19, 21, 22, 28], [19, 21, 22, 25], [19, 21, 22, 24], [19, 20, 26, 29], [19, 20, 26, 28], [19, 20, 25, 29], [19, 20, 25, 28], [19, 20, 25, 26], [19, 20, 24, 26], [19, 20, 24, 25], [19, 20, 22, 29], [19, 20, 22, 28], [19, 20, 22, 25], [19, 20, 22, 24], [19, 20, 21, 29], [19, 20, 21, 28], [19, 20, 21, 25], [19, 20, 21, 24]]
[[21, 24, 25, 26], [21, 23, 25, 26], [21, 23, 24, 26], [20, 24, 25, 26], [20, 23, 25, 26], [20, 23, 24, 26], [20, 21, 24, 25], [20, 21, 23, 25], [20, 21, 23, 24], [15, 24, 25, 26], [15, 23, 25, 26], [15, 23, 24, 26], [15, 21, 25, 26], [15, 21, 23, 26], [15, 20, 25, 26], [15, 20, 24, 25], [15, 20, 23, 26], [15, 20, 23, 25], [15, 20, 23, 24], [15, 20, 21, 25], [15, 20, 21, 23], [14, 24, 25, 26], [14, 23, 25, 26], [14, 23, 24, 26], [14, 21, 24, 26], [14, 21, 24, 25], [14, 21, 23, 26], [14, 21, 23, 25], [14, 21, 23, 24], [14, 20, 24, 26], [14, 20, 23, 26], [14, 20, 21, 24], [14, 20, 21, 23], [14, 15, 25, 26], [14, 15, 24, 26], [14, 15, 24, 25], [14, 15, 23, 25], [14, 15, 23, 24], [14, 15, 21, 26], [14, 15, 21, 25], [14, 15, 21, 23], [14, 15, 20, 26], [14, 15, 20, 24], [14, 15, 20, 23], [14, 15, 20, 21]]
[[24, 25, 26, 28], [23, 25, 26, 28], [22, 24, 26, 28], [22, 24, 25, 28], [22, 23, 26, 28], [22, 23, 25, 28], [19, 24, 25, 26], [19, 23, 25, 26], [19, 22, 24, 26], [19, 22, 24, 25], [19, 22, 23, 26], [19, 22, 23, 25], [15, 25, 26, 28], [15, 24, 26, 28], [15, 24, 25, 26], [15, 23, 26, 28], [15, 23, 25, 26], [15, 22, 26, 28], [15, 22, 25, 28], [15, 22, 24, 28], [15, 22, 24, 26], [15, 22, 24, 25], [15, 22, 23, 28], [15, 22, 23, 26], [15, 22, 23, 25], [15, 19, 25, 26], [15, 19, 24, 26], [15, 19, 23, 26], [15, 19, 22, 26], [15, 19, 22, 25], [15, 19, 22, 24], [15, 19, 22, 23], [12, 24, 25, 28], [12, 23, 25, 28], [12, 22, 24, 28], [12, 22, 23, 28], [12, 19, 24, 25], [12, 19, 23, 25], [12, 19, 22, 24], [12, 19, 22, 23], [12, 15, 25, 28], [12, 15, 24, 28], [12, 15, 24, 25], [12, 15, 23, 28], [12, 15, 23, 25], [12, 15, 22, 28], [12, 15, 22, 24], [12, 15, 22, 23], [12, 15, 19, 25], [12, 15, 19, 24], [12, 15, 19, 23], [12, 15, 19, 22]]
[[24, 28, 29, 31], [24, 26, 29, 31], [24, 26, 28, 29], [20, 28, 29, 31], [20, 26, 29, 31], [20, 26, 28, 29], [20, 24, 29, 31], [20, 24, 28, 29], [18, 24, 29, 31], [18, 24, 28, 31], [18, 24, 28, 29], [18, 24, 26, 31], [18, 24, 26, 28], [18, 20, 29, 31], [18, 20, 28, 31], [18, 20, 28, 29], [18, 20, 26, 31], [18, 20, 26, 28], [18, 20, 24, 31], [18, 20, 24, 28], [15, 24, 28, 31], [15, 24, 28, 29], [15, 24, 26, 31], [15, 24, 26, 29], [15, 24, 26, 28], [15, 20, 28, 31], [15, 20, 28, 29], [15, 20, 26, 31], [15, 20, 26, 29], [15, 20, 26, 28], [15, 20, 24, 31], [15, 20, 24, 29], [15, 20, 24, 28], [15, 18, 24, 31], [15, 18, 24, 29], [15, 18, 24, 26], [15, 18, 20, 31], [15, 18, 20, 29], [15, 18, 20, 26], [15, 18, 20, 24], [12, 28, 29, 31], [12, 26, 29, 31], [12, 26, 28, 29], [12, 24, 28, 29], [12, 24, 26, 29], [12, 20, 29, 31], [12, 20, 26, 29], [12, 20, 24, 29], [12, 18, 29, 31], [12, 18, 28, 31], [12, 18, 28, 29], [12, 18, 26, 31], [12, 18, 26, 28], [12, 18, 24, 29], [12, 18, 24, 28], [12, 18, 24, 26], [12, 18, 20, 31], [12, 18, 20, 29], [12, 18, 20, 26], [12, 18, 20, 24], [12, 15, 28, 31], [12, 15, 28, 29], [12, 15, 26, 31], [12, 15, 26, 29], [12, 15, 26, 28], [12, 15, 24, 28], [12, 15, 24, 26], [12, 15, 20, 31], [12, 15, 20, 29], [12, 15, 20, 26], [12, 15, 20, 24], [12, 15, 18, 31], [12, 15, 18, 29], [12, 15, 18, 26], [12, 15, 18, 24]]
[[21, 23, 24, 25, 26], [21, 22, 24, 25, 26], [21, 22, 23, 25, 26], [21, 22, 23, 24, 26], [20, 23, 24, 25, 26], [20, 22, 24, 25, 26], [20, 22, 23, 25, 26], [20, 22, 23, 24, 26], [20, 21, 23, 24, 25], [20, 21, 22, 24, 25], [20, 21, 22, 23, 25], [20, 21, 22, 23, 24], [15, 23, 24, 25, 26], [15, 22, 24, 25, 26], [15, 22, 23, 25, 26], [15, 22, 23, 24, 26], [15, 21, 24, 25, 26], [15, 21, 23, 24, 26], [15, 21, 22, 25, 26], [15, 21, 22, 23, 26], [15, 20, 24, 25, 26], [15, 20, 23, 24, 26], [15, 20, 23, 24, 25], [15, 20, 22, 25, 26], [15, 20, 22, 24, 25], [15, 20, 22, 23, 26], [15, 20, 22, 23, 25], [15, 20, 22, 23, 24], [15, 20, 21, 24, 25], [15, 20, 21, 23, 24], [15, 20, 21, 22, 25], [15, 20, 21, 22, 23], [14, 23, 24, 25, 26], [14, 22, 24, 25, 26], [14, 22, 23, 25, 26], [14, 22, 23, 24, 26], [14, 21, 24, 25, 26], [14, 21, 23, 25, 26], [14, 21, 23, 24, 25], [14, 21, 22, 24, 26], [14, 21, 22, 24, 25], [14, 21, 22, 23, 26], [14, 21, 22, 23, 25], [14, 21, 22, 23, 24], [14, 20, 24, 25, 26], [14, 20, 23, 25, 26], [14, 20, 22, 24, 26], [14, 20, 22, 23, 26], [14, 20, 21, 24, 25], [14, 20, 21, 23, 25], [14, 20, 21, 22, 24], [14, 20, 21, 22, 23], [14, 15, 23, 25, 26], [14, 15, 23, 24, 26], [14, 15, 23, 24, 25], [14, 15, 22, 25, 26], [14, 15, 22, 24, 26], [14, 15, 22, 24, 25], [14, 15, 22, 23, 25], [14, 15, 22, 23, 24], [14, 15, 21, 25, 26], [14, 15, 21, 24, 26], [14, 15, 21, 24, 25], [14, 15, 21, 23, 26], [14, 15, 21, 23, 24], [14, 15, 21, 22, 26], [14, 15, 21, 22, 25], [14, 15, 21, 22, 23], [14, 15, 20, 25, 26], [14, 15, 20, 24, 26], [14, 15, 20, 24, 25], [14, 15, 20, 23, 26], [14, 15, 20, 23, 25], [14, 15, 20, 22, 26], [14, 15, 20, 22, 24], [14, 15, 20, 22, 23], [14, 15, 20, 21, 25], [14, 15, 20, 21, 24], [14, 15, 20, 21, 23], [14, 15, 20, 21, 22]]
