[[28, 29, 31], [26, 29, 31], [26, 28, 31], [24, 29, 31], [24, 28, 29], [24, 26, 31], [24, 26, 29], [24, 26, 28], [21, 28, 31], [21, 28, 29], [21, 26, 31], [21, 26, 29], [21, 26, 28], [21, 24, 31], [21, 24, 29], [21, 24, 28], [18, 29, 31], [18, 28, 31], [18, 28, 29], [18, 26, 29], [18, 26, 28], [18, 24, 31], [18, 24, 28], [18, 24, 26], [18, 21, 31], [18, 21, 29], [18, 21, 26], [18, 21, 24], [12, 29, 31], [12, 26, 31], [12, 24, 29], [12, 24, 26], [12, 21, 31], [12, 21, 29], [12, 21, 26], [12, 21, 24], [12, 18, 31], [12, 18, 29], [12, 18, 26], [12, 18, 24]]
[[25, 28, 29], [24, 28, 29], [24, 25, 29], [24, 25, 28], [22, 25, 29], [22, 25, 28], [22, 24, 29], [22, 24, 28], [19, 28, 29], [19, 25, 28], [19, 24, 29], [19, 24, 25], [19, 22, 29], [19, 22, 28], [19, 22, 25], [19, 22, 24], [18, 28, 29], [18, 25, 29], [18, 24, 28], [18, 24, 25], [18, 22, 29], [18, 22, 28], [18, 22, 25], [18, 22, 24], [18, 19, 29], [18, 19, 28], [18, 19, 25], [18, 19, 24]]
[[26, 28, 29], [25, 28, 29], [25, 26, 29], [24, 26, 28], [24, 25, 28], [24, 25, 26], [22, 28, 29], [22, 26, 29], [22, 26, 28], [22, 25, 28], [22, 25, 26], [22, 24, 28], [22, 24, 26], [21, 28, 29], [21, 25, 29], [21, 24, 28], [21, 24, 25], [21, 22, 29], [21, 22, 28], [21, 22, 25], [21, 22, 24], [19, 26, 29], [19, 26, 28], [19, 25, 29], [19, 25, 28], [19, 25, 26], [19, 24, 26], [19, 24, 25], [19, 22, 29], [19, 22, 28], [19, 22, 25], [19, 22, 24], [19, 21, 29], [19, 21, 28], [19, 21, 25], [19, 21, 24]]
[[21, 23, 24, 25], [21, 22, 24, 25], [21, 22, 23, 25], [21, 22, 23, 24], [20, 23, 24, 25], [20, 22, 24, 25], [20, 22, 23, 25], [20, 22, 23, 24], [15, 23, 24, 25], [15, 22, 24, 25], [15, 22, 23, 25], [15, 22, 23, 24], [15, 21, 24, 25], [15, 21, 23, 24], [15, 21, 22, 25], [15, 21, 22, 23], [15, 20, 24, 25], [15, 20, 23, 24], [15, 20, 22, 25], [15, 20, 22, 23], [14, 23, 24, 25], [14, 22, 24, 25], [14, 22, 23, 25], [14, 22, 23, 24], [14, 21, 24, 25], [14, 21, 23, 25], [14, 21, 22, 24], [14, 21, 22, 23], [14, 20, 24, 25], [14, 20, 23, 25], [14, 20, 22, 24], [14, 20, 22, 23], [14, 15, 23, 25], [14, 15, 23, 24], [14, 15, 22, 25], [14, 15, 22, 24], [14, 15, 21, 25], [14, 15, 21, 24], [14, 15, 21, 23], [14, 15, 21, 22], [14, 15, 20, 25], [14, 15, 20, 24], [14, 15, 20, 23], [14, 15, 20, 22]]
[[24, 25, 28], [23, 25, 28], [22, 24, 28], [22, 23, 28], [19, 24, 25], [19, 23, 25], [19, 22, 24], [19, 22, 23], [15, 25, 28], [15, 24, 28], [15, 24, 25], [15, 23, 28], [15, 23, 25], [15, 22, 28], [15, 22, 24], [15, 22, 23], [15, 19, 25], [15, 19, 24], [15, 19, 23], [15, 19, 22]]
[[28, 29, 31], [27, 28, 31], [26, 29, 31], [26, 27, 31], [22, 28, 29], [22, 27, 28], [22, 26, 29], [22, 26, 27], [9, 28, 29], [9, 27, 28], [9, 26, 29], [9, 26, 27], [6, 29, 31], [6, 28, 31], [6, 27, 31], [6, 26, 31], [6, 22, 29], [6, 22, 28], [6, 22, 27], [6, 22, 26], [6, 9, 29], [6, 9, 28], [6, 9, 27], [6, 9, 26]]
[[21, 24, 28, 30], [19, 24, 28, 30], [19, 21, 24, 30], [17, 21, 28, 30], [17, 21, 24, 28], [17, 19, 28, 30], [17, 19, 24, 28], [17, 19, 21, 30], [17, 19, 21, 24], [15, 24, 28, 30], [15, 21, 24, 30], [15, 21, 24, 28], [15, 19, 24, 28], [15, 19, 21, 24], [15, 17, 28, 30], [15, 17, 24, 28], [15, 17, 21, 30], [15, 17, 21, 28], [15, 17, 21, 24], [15, 17, 19, 28], [15, 17, 19, 21], [9, 24, 28, 30], [9, 21, 28, 30], [9, 19, 28, 30], [9, 19, 24, 30], [9, 19, 21, 30], [9, 17, 28, 30], [9, 17, 24, 28], [9, 17, 21, 28], [9, 17, 19, 30], [9, 17, 19, 28], [9, 17, 19, 24], [9, 17, 19, 21], [9, 15, 28, 30], [9, 15, 24, 30], [9, 15, 24, 28], [9, 15, 21, 30], [9, 15, 21, 28], [9, 15, 19, 28], [9, 15, 19, 24], [9, 15, 19, 21], [9, 15, 17, 30], [9, 15, 17, 24], [9, 15, 17, 21], [9, 15, 17, 19]]
[[20, 27, 29], [18, 27, 29], [18, 20, 29], [18, 20, 27], [15, 27, 29], [15, 20, 27], [15, 18, 29], [15, 18, 20], [9, 27, 29], [9, 20, 29], [9, 18, 27], [9, 18, 20], [9, 15, 29], [9, 15, 27], [9, 15, 20], [9, 15, 18]]
[[25, 26, 29], [25, 26, 28], [24, 25, 26], [22, 26, 29], [22, 26, 28], [22, 25, 29], [22, 25, 28], [22, 25, 26], [22, 24, 26], [22, 24, 25], [15, 26, 29], [15, 26, 28], [15, 25, 26], [15, 24, 26], [15, 22, 29], [15, 22, 28], [15, 22, 25], [15, 22, 24], [12, 25, 29], [12, 25, 28], [12, 24, 25], [12, 22, 29], [12, 22, 28], [12, 22, 25], [12, 22, 24], [12, 15, 29], [12, 15, 28], [12, 15, 25], [12, 15, 24]]
[[24, 25, 26], [23, 25, 26], [22, 24, 26], [22, 24, 25], [22, 23, 26], [22, 23, 25], [15, 25, 26], [15, 24, 26], [15, 23, 26], [15, 22, 26], [15, 22, 25], [15, 22, 24], [15, 22, 23], [12, 24, 25], [12, 23, 25], [12, 22, 24], [12, 22, 23], [12, 15, 25], [12, 15, 24], [12, 15, 23], [12, 15, 22]]
[[25, 26, 29], [25, 26, 28], [24, 26, 29], [24, 26, 28], [23, 26, 29], [23, 26, 28], [23, 25, 26], [23, 24, 26], [22, 26, 29], [22, 26, 28], [22, 25, 29], [22, 25, 28], [22, 25, 26], [22, 24, 29], [22, 24, 28], [22, 24, 26], [22, 23, 29], [22, 23, 28], [22, 23, 25], [22, 23, 24], [12, 25, 29], [12, 25, 28], [12, 24, 29], [12, 24, 28], [12, 23, 29], [12, 23, 28], [12, 23, 25], [12, 23, 24], [12, 22, 29], [12, 22, 28], [12, 22, 25], [12, 22, 24]]
[[24, 26, 29], [24, 26, 28], [23, 26, 29], [23, 26, 28], [23, 24, 26], [22, 24, 29], [22, 24, 28], [22, 24, 26], [22, 23, 29], [22, 23, 28], [22, 23, 26], [22, 23, 24], [15, 26, 29], [15, 26, 28], [15, 23, 26], [15, 22, 29], [15, 22, 28], [15, 22, 26], [15, 22, 23], [12, 24, 29], [12, 24, 28], [12, 23, 29], [12, 23, 28], [12, 23, 24], [12, 22, 24], [12, 22, 23], [12, 15, 29], [12, 15, 28], [12, 15, 23], [12, 15, 22]]
[[26, 29, 31], [26, 28, 31], [26, 28, 29], [24, 26, 31], [24, 26, 28], [21, 29, 31], [21, 28, 31], [21, 28, 29], [21, 26, 31], [21, 26, 28], [21, 24, 31], [21, 24, 28], [15, 29, 31], [15, 28, 31], [15, 28, 29], [15, 26, 29], [15, 26, 28], [15, 24, 31], [15, 24, 28], [15, 24, 26], [15, 21, 31], [15, 21, 29], [15, 21, 26], [15, 21, 24], [12, 26, 31], [12, 26, 29], [12, 24, 26], [12, 21, 31], [12, 21, 29], [12, 21, 26], [12, 21, 24], [12, 15, 31], [12, 15, 29], [12, 15, 26], [12, 15, 24]]
[[15, 20, 27, 29], [15, 18, 27, 29], [15, 18, 20, 29], [15, 18, 20, 27], [9, 20, 27, 29], [9, 18, 27, 29], [9, 18, 20, 29], [9, 18, 20, 27], [9, 15, 20, 29], [9, 15, 20, 27], [9, 15, 18, 29], [9, 15, 18, 27], [6, 20, 27, 29], [6, 18, 27, 29], [6, 18, 20, 29], [6, 18, 20, 27], [6, 15, 27, 29], [6, 15, 20, 27], [6, 15, 18, 29], [6, 15, 18, 20], [6, 9, 27, 29], [6, 9, 20, 29], [6, 9, 18, 27], [6, 9, 18, 20], [6, 9, 15, 29], [6, 9, 15, 27], [6, 9, 15, 20], [6, 9, 15, 18]]
[[23, 25, 28, 29], [23, 24, 28, 29], [23, 24, 25, 29], [23, 24, 25, 28], [22, 25, 28, 29], [22, 24, 28, 29], [22, 24, 25, 29], [22, 24, 25, 28], [22, 23, 25, 29], [22, 23, 25, 28], [22, 23, 24, 29], [22, 23, 24, 28], [19, 25, 28, 29], [19, 24, 28, 29], [19, 24, 25, 29], [19, 24, 25, 28], [19, 23, 28, 29], [19, 23, 25, 28], [19, 23, 24, 29], [19, 23, 24, 25], [19, 22, 28, 29], [19, 22, 25, 29], [19, 22, 24, 28], [19, 22, 24, 25], [19, 22, 23, 29], [19, 22, 23, 28], [19, 22, 23, 25], [19, 22, 23, 24], [18, 25, 28, 29], [18, 24, 28, 29], [18, 24, 25, 29], [18, 24, 25, 28], [18, 23, 28, 29], [18, 23, 25, 29], [18, 23, 24, 28], [18, 23, 24, 25], [18, 22, 28, 29], [18, 22, 25, 28], [18, 22, 24, 29], [18, 22, 24, 25], [18, 22, 23, 29], [18, 22, 23, 28], [18, 22, 23, 25], [18, 22, 23, 24], [18, 19, 25, 29], [18, 19, 25, 28], [18, 19, 24, 29], [18, 19, 24, 28], [18, 19, 23, 29], [18, 19, 23, 28], [18, 19, 23, 25], [18, 19, 23, 24], [18, 19, 22, 29], [18, 19, 22, 28], [18, 19, 22, 25], [18, 19, 22, 24]]
[[24, 25, 28, 29], [23, 25, 28, 29], [23, 24, 25, 28], [22, 24, 28, 29], [22, 24, 25, 28], [22, 23, 28, 29], [22, 23, 25, 28], [22, 23, 24, 28], [19, 24, 25, 29], [19, 24, 25, 28], [19, 23, 25, 29], [19, 23, 25, 28], [19, 23, 24, 25], [19, 22, 24, 29], [19, 22, 24, 28], [19, 22, 24, 25], [19, 22, 23, 29], [19, 22, 23, 28], [19, 22, 23, 25], [19, 22, 23, 24], [15, 25, 28, 29], [15, 24, 28, 29], [15, 24, 25, 29], [15, 24, 25, 28], [15, 23, 28, 29], [15, 23, 25, 29], [15, 23, 24, 28], [15, 23, 24, 25], [15, 22, 28, 29], [15, 22, 25, 28], [15, 22, 24, 29], [15, 22, 24, 25], [15, 22, 23, 29], [15, 22, 23, 28], [15, 22, 23, 25], [15, 22, 23, 24], [15, 19, 25, 29], [15, 19, 25, 28], [15, 19, 24, 29], [15, 19, 24, 28], [15, 19, 23, 29], [15, 19, 23, 28], [15, 19, 23, 25], [15, 19, 23, 24], [15, 19, 22, 29], [15, 19, 22, 28], [15, 19, 22, 25], [15, 19, 22, 24]]
[[26, 29, 31], [26, 28, 29], [21, 29, 31], [21, 28, 29], [18, 26, 31], [18, 26, 28], [18, 21, 31], [18, 21, 28], [15, 29, 31], [15, 28, 29], [15, 26, 31], [15, 26, 29], [15, 26, 28], [15, 21, 31], [15, 21, 29], [15, 21, 28], [15, 18, 31], [15, 18, 28], [15, 18, 26], [15, 18, 21], [12, 26, 29], [12, 21, 29], [12, 18, 26], [12, 18, 21], [12, 15, 29], [12, 15, 26], [12, 15, 21], [12, 15, 18]]
[[19, 24, 28, 30], [19, 21, 28, 30], [17, 24, 28, 30], [17, 21, 28, 30], [17, 19, 24, 30], [17, 19, 24, 28], [17, 19, 21, 30], [17, 19, 21, 28], [15, 24, 28, 30], [15, 21, 28, 30], [15, 19, 24, 28], [15, 19, 21, 28], [15, 17, 24, 30], [15, 17, 21, 30], [15, 17, 19, 24], [15, 17, 19, 21], [13, 24, 28, 30], [13, 21, 28, 30], [13, 19, 28, 30], [13, 19, 24, 30], [13, 19, 21, 30], [13, 17, 28, 30], [13, 17, 24, 28], [13, 17, 21, 28], [13, 17, 19, 30], [13, 17, 19, 28], [13, 17, 19, 24], [13, 17, 19, 21], [13, 15, 28, 30], [13, 15, 24, 30], [13, 15, 24, 28], [13, 15, 21, 30], [13, 15, 21, 28], [13, 15, 19, 28], [13, 15, 19, 24], [13, 15, 19, 21], [13, 15, 17, 30], [13, 15, 17, 24], [13, 15, 17, 21], [13, 15, 17, 19]]
[[26, 29, 31], [24, 26, 29], [21, 29, 31], [21, 26, 29], [21, 24, 29], [18, 26, 31], [18, 26, 29], [18, 24, 26], [18, 21, 31], [18, 21, 29], [18, 21, 26], [18, 21, 24], [15, 29, 31], [15, 26, 31], [15, 24, 29], [15, 24, 26], [15, 21, 31], [15, 21, 29], [15, 21, 26], [15, 21, 24], [15, 18, 31], [15, 18, 29], [15, 18, 26], [15, 18, 24]]
[[26, 28, 29], [25, 28, 29], [25, 26, 29], [25, 26, 28], [22, 28, 29], [22, 26, 29], [22, 26, 28], [21, 28, 29], [21, 25, 29], [21, 25, 28], [21, 22, 29], [21, 22, 28], [19, 26, 29], [19, 25, 29], [19, 25, 26], [19, 22, 29], [19, 22, 26], [19, 21, 29], [19, 21, 25], [19, 21, 22], [18, 26, 28], [18, 25, 28], [18, 25, 26], [18, 22, 28], [18, 22, 26], [18, 21, 28], [18, 21, 25], [18, 21, 22], [18, 19, 26], [18, 19, 25], [18, 19, 22], [18, 19, 21]]
[[26, 28, 29], [24, 26, 29], [21, 28, 29], [21, 26, 29], [21, 24, 29], [18, 26, 29], [18, 26, 28], [18, 24, 26], [18, 21, 29], [18, 21, 28], [18, 21, 26], [18, 21, 24], [15, 28, 29], [15, 26, 29], [15, 26, 28], [15, 24, 29], [15, 24, 26], [15, 21, 28], [15, 21, 26], [15, 21, 24], [15, 18, 29], [15, 18, 28], [15, 18, 24], [15, 18, 21], [12, 26, 29], [12, 21, 29], [12, 18, 26], [12, 18, 21], [12, 15, 29], [12, 15, 26], [12, 15, 21], [12, 15, 18]]
