[[29, 31], [28, 31], [27, 31], [26, 31], [22, 29], [22, 28], [22, 27], [22, 26], [9, 29], [9, 28], [9, 27], [9, 26]]
[[29, 31], [27, 31], [22, 29], [22, 27], [9, 29], [9, 27], [6, 31], [6, 22], [6, 9]]
[[26, 29], [26, 28], [24, 26], [22, 29], [22, 28], [22, 26], [22, 24], [15, 26], [15, 22], [12, 29], [12, 28], [12, 24], [12, 22], [12, 15]]
[[29, 31], [28, 31], [28, 29], [26, 29], [26, 28], [24, 31], [24, 28], [24, 26], [21, 31], [21, 29], [21, 26], [21, 24], [12, 31], [12, 29], [12, 26], [12, 24]]
[[23, 24, 25], [22, 24, 25], [22, 23, 25], [22, 23, 24], [21, 24, 25], [21, 23, 25], [21, 22, 24], [21, 22, 23], [20, 24, 25], [20, 23, 25], [20, 22, 24], [20, 22, 23], [15, 23, 25], [15, 23, 24], [15, 22, 25], [15, 22, 24], [15, 21, 25], [15, 21, 24], [15, 21, 23], [15, 21, 22], [15, 20, 25], [15, 20, 24], [15, 20, 23], [15, 20, 22]]
[[24, 25, 28], [23, 25, 28], [22, 24, 28], [22, 23, 28], [19, 24, 25], [19, 23, 25], [19, 22, 24], [19, 22, 23], [15, 25, 28], [15, 24, 28], [15, 24, 25], [15, 23, 28], [15, 23, 25], [15, 22, 28], [15, 22, 24], [15, 22, 23], [15, 19, 25], [15, 19, 24], [15, 19, 23], [15, 19, 22]]
[[15, 20, 27, 29], [15, 18, 27, 29], [15, 18, 20, 29], [15, 18, 20, 27], [9, 20, 27, 29], [9, 18, 27, 29], [9, 18, 20, 29], [9, 18, 20, 27], [9, 15, 20, 29], [9, 15, 20, 27], [9, 15, 18, 29], [9, 15, 18, 27], [6, 20, 27, 29], [6, 18, 27, 29], [6, 18, 20, 29], [6, 18, 20, 27], [6, 15, 27, 29], [6, 15, 20, 27], [6, 15, 18, 29], [6, 15, 18, 20], [6, 9, 27, 29], [6, 9, 20, 29], [6, 9, 18, 27], [6, 9, 18, 20], [6, 9, 15, 29], [6, 9, 15, 27], [6, 9, 15, 20], [6, 9, 15, 18]]
[[23, 24, 25], [22, 24, 25], [22, 23, 25], [22, 23, 24], [15, 24, 25], [15, 23, 24], [15, 22, 25], [15, 22, 23], [14, 24, 25], [14, 23, 25], [14, 22, 24], [14, 22, 23], [14, 15, 25], [14, 15, 24], [14, 15, 23], [14, 15, 22]]
[[24, 25], [23, 25], [22, 24], [22, 23], [15, 25], [15, 24], [15, 23], [15, 22]]
[[24, 28, 30], [21, 24, 30], [17, 28, 30], [17, 24, 28], [17, 21, 30], [17, 21, 24], [15, 24, 28], [15, 21, 24], [15, 17, 28], [15, 17, 21], [9, 28, 30], [9, 24, 30], [9, 21, 30], [9, 17, 30], [9, 17, 28], [9, 17, 24], [9, 17, 21], [9, 15, 28], [9, 15, 24], [9, 15, 21], [9, 15, 17]]
[[25, 29], [25, 28], [24, 25], [22, 29], [22, 28], [22, 25], [22, 24], [15, 29], [15, 28], [15, 25], [15, 24]]
[[29, 31], [26, 31], [24, 29], [24, 26], [21, 31], [21, 29], [21, 26], [21, 24], [18, 31], [18, 29], [18, 26], [18, 24]]
[[26, 29], [26, 28], [25, 29], [25, 28], [25, 26], [24, 26], [24, 25], [22, 29], [22, 28], [22, 25], [22, 24], [21, 29], [21, 28], [21, 25], [21, 24]]
[[25, 28, 29], [24, 28, 29], [24, 25, 29], [24, 25, 28], [22, 25, 29], [22, 25, 28], [22, 24, 29], [22, 24, 28], [19, 28, 29], [19, 25, 28], [19, 24, 29], [19, 24, 25], [19, 22, 29], [19, 22, 28], [19, 22, 25], [19, 22, 24], [18, 28, 29], [18, 25, 29], [18, 24, 28], [18, 24, 25], [18, 22, 29], [18, 22, 28], [18, 22, 25], [18, 22, 24], [18, 19, 29], [18, 19, 28], [18, 19, 25], [18, 19, 24]]
